,Mes,Total
0,Enero 2018,15367777
1,Febrero 2018,15444629
2,Marzo 2018,15524672
3,Abril 2018,15597001
4,Mayo 2018,15675004
5,Junio 2018,15732545
6,Julio 2018,15807006
7,Agosto 2018,15865376
8,Septiembre 2018,15911770
9,Octubre 2018,15953891
10,Noviembre 2018,15987106
11,Diciembre 2018,16010642
12,Enero 2019,16065648
13,Febrero 2019,16083174
14,Marzo 2019,16122449
15,Abril 2019,16163453
16,Mayo 2019,16193186
17,Junio 2019,16223558
18,Julio 2019,16267613
19,Agosto 2019,16304424
20,Septiembre 2019,16334125
21,Octubre 2019,16360196
